{
    "sfm_data_version": "0.3",
    "root_path": "images",
    "views": [
        {
            "key": 0,
            "value": {
                "polymorphic_id": 1073741824,
                "ptr_wrapper": {
                    "id": 2147483649,
                    "data": {
                        "local_path": "",
                        "filename": "set2_model01.png",
                        "width": 1920,
                        "height": 1080,
                        "id_view": 0,
                        "id_intrinsic": 0,
                        "id_pose": 0
                    }
                }
            }
        },
        {
            "key": 1,
            "value": {
                "polymorphic_id": 1073741824,
                "ptr_wrapper": {
                    "id": 2147483650,
                    "data": {
                        "local_path": "",
                        "filename": "set2_model02.png",
                        "width": 1920,
                        "height": 1080,
                        "id_view": 1,
                        "id_intrinsic": 0,
                        "id_pose": 1
                    }
                }
            }
        },
        {
            "key": 2,
            "value": {
                "polymorphic_id": 1073741824,
                "ptr_wrapper": {
                    "id": 2147483651,
                    "data": {
                        "local_path": "",
                        "filename": "set2_model03.png",
                        "width": 1920,
                        "height": 1080,
                        "id_view": 2,
                        "id_intrinsic": 0,
                        "id_pose": 2
                    }
                }
            }
        },
        {
            "key": 3,
            "value": {
                "polymorphic_id": 1073741824,
                "ptr_wrapper": {
                    "id": 2147483652,
                    "data": {
                        "local_path": "",
                        "filename": "set2_model04.png",
                        "width": 1920,
                        "height": 1080,
                        "id_view": 3,
                        "id_intrinsic": 0,
                        "id_pose": 3
                    }
                }
            }
        },
        {
            "key": 4,
            "value": {
                "polymorphic_id": 1073741824,
                "ptr_wrapper": {
                    "id": 2147483653,
                    "data": {
                        "local_path": "",
                        "filename": "set2_model05.png",
                        "width": 1920,
                        "height": 1080,
                        "id_view": 4,
                        "id_intrinsic": 0,
                        "id_pose": 4
                    }
                }
            }
        },
        {
            "key": 5,
            "value": {
                "polymorphic_id": 1073741824,
                "ptr_wrapper": {
                    "id": 2147483654,
                    "data": {
                        "local_path": "",
                        "filename": "set2_model06.png",
                        "width": 1920,
                        "height": 1080,
                        "id_view": 5,
                        "id_intrinsic": 0,
                        "id_pose": 5
                    }
                }
            }
        },
        {
            "key": 6,
            "value": {
                "polymorphic_id": 1073741824,
                "ptr_wrapper": {
                    "id": 2147483655,
                    "data": {
                        "local_path": "",
                        "filename": "set2_model07.png",
                        "width": 1920,
                        "height": 1080,
                        "id_view": 6,
                        "id_intrinsic": 0,
                        "id_pose": 6
                    }
                }
            }
        },
        {
            "key": 7,
            "value": {
                "polymorphic_id": 1073741824,
                "ptr_wrapper": {
                    "id": 2147483656,
                    "data": {
                        "local_path": "",
                        "filename": "set2_model08.png",
                        "width": 1920,
                        "height": 1080,
                        "id_view": 7,
                        "id_intrinsic": 0,
                        "id_pose": 7
                    }
                }
            }
        },
        {
            "key": 8,
            "value": {
                "polymorphic_id": 1073741824,
                "ptr_wrapper": {
                    "id": 2147483657,
                    "data": {
                        "local_path": "",
                        "filename": "set2_model09.png",
                        "width": 1920,
                        "height": 1080,
                        "id_view": 8,
                        "id_intrinsic": 0,
                        "id_pose": 8
                    }
                }
            }
        },
        {
            "key": 9,
            "value": {
                "polymorphic_id": 1073741824,
                "ptr_wrapper": {
                    "id": 2147483658,
                    "data": {
                        "local_path": "",
                        "filename": "set2_model10.png",
                        "width": 1920,
                        "height": 1080,
                        "id_view": 9,
                        "id_intrinsic": 0,
                        "id_pose": 9
                    }
                }
            }
        },
        {
            "key": 10,
            "value": {
                "polymorphic_id": 1073741824,
                "ptr_wrapper": {
                    "id": 2147483659,
                    "data": {
                        "local_path": "",
                        "filename": "set3_model01.png",
                        "width": 1920,
                        "height": 1080,
                        "id_view": 10,
                        "id_intrinsic": 0,
                        "id_pose": 10
                    }
                }
            }
        },
        {
            "key": 11,
            "value": {
                "polymorphic_id": 1073741824,
                "ptr_wrapper": {
                    "id": 2147483660,
                    "data": {
                        "local_path": "",
                        "filename": "set3_model02.png",
                        "width": 1920,
                        "height": 1080,
                        "id_view": 11,
                        "id_intrinsic": 0,
                        "id_pose": 11
                    }
                }
            }
        },
        {
            "key": 12,
            "value": {
                "polymorphic_id": 1073741824,
                "ptr_wrapper": {
                    "id": 2147483661,
                    "data": {
                        "local_path": "",
                        "filename": "set3_model03.png",
                        "width": 1920,
                        "height": 1080,
                        "id_view": 12,
                        "id_intrinsic": 0,
                        "id_pose": 12
                    }
                }
            }
        },
        {
            "key": 13,
            "value": {
                "polymorphic_id": 1073741824,
                "ptr_wrapper": {
                    "id": 2147483662,
                    "data": {
                        "local_path": "",
                        "filename": "set3_model04.png",
                        "width": 1920,
                        "height": 1080,
                        "id_view": 13,
                        "id_intrinsic": 0,
                        "id_pose": 13
                    }
                }
            }
        },
        {
            "key": 14,
            "value": {
                "polymorphic_id": 1073741824,
                "ptr_wrapper": {
                    "id": 2147483663,
                    "data": {
                        "local_path": "",
                        "filename": "set3_model05.png",
                        "width": 1920,
                        "height": 1080,
                        "id_view": 14,
                        "id_intrinsic": 0,
                        "id_pose": 14
                    }
                }
            }
        },
        {
            "key": 15,
            "value": {
                "polymorphic_id": 1073741824,
                "ptr_wrapper": {
                    "id": 2147483664,
                    "data": {
                        "local_path": "",
                        "filename": "set3_model06.png",
                        "width": 1920,
                        "height": 1080,
                        "id_view": 15,
                        "id_intrinsic": 0,
                        "id_pose": 15
                    }
                }
            }
        },
        {
            "key": 16,
            "value": {
                "polymorphic_id": 1073741824,
                "ptr_wrapper": {
                    "id": 2147483665,
                    "data": {
                        "local_path": "",
                        "filename": "set3_model07.png",
                        "width": 1920,
                        "height": 1080,
                        "id_view": 16,
                        "id_intrinsic": 0,
                        "id_pose": 16
                    }
                }
            }
        },
        {
            "key": 17,
            "value": {
                "polymorphic_id": 1073741824,
                "ptr_wrapper": {
                    "id": 2147483666,
                    "data": {
                        "local_path": "",
                        "filename": "set3_model08.png",
                        "width": 1920,
                        "height": 1080,
                        "id_view": 17,
                        "id_intrinsic": 0,
                        "id_pose": 17
                    }
                }
            }
        },
        {
            "key": 18,
            "value": {
                "polymorphic_id": 1073741824,
                "ptr_wrapper": {
                    "id": 2147483667,
                    "data": {
                        "local_path": "",
                        "filename": "set3_model09.png",
                        "width": 1920,
                        "height": 1080,
                        "id_view": 18,
                        "id_intrinsic": 0,
                        "id_pose": 18
                    }
                }
            }
        },
        {
            "key": 19,
            "value": {
                "polymorphic_id": 1073741824,
                "ptr_wrapper": {
                    "id": 2147483668,
                    "data": {
                        "local_path": "",
                        "filename": "set3_model10.png",
                        "width": 1920,
                        "height": 1080,
                        "id_view": 19,
                        "id_intrinsic": 0,
                        "id_pose": 19
                    }
                }
            }
        },
        {
            "key": 20,
            "value": {
                "polymorphic_id": 1073741824,
                "ptr_wrapper": {
                    "id": 2147483669,
                    "data": {
                        "local_path": "",
                        "filename": "set3_model11.png",
                        "width": 1920,
                        "height": 1080,
                        "id_view": 20,
                        "id_intrinsic": 0,
                        "id_pose": 20
                    }
                }
            }
        },
        {
            "key": 21,
            "value": {
                "polymorphic_id": 1073741824,
                "ptr_wrapper": {
                    "id": 2147483670,
                    "data": {
                        "local_path": "",
                        "filename": "set3_model12.png",
                        "width": 1920,
                        "height": 1080,
                        "id_view": 21,
                        "id_intrinsic": 0,
                        "id_pose": 21
                    }
                }
            }
        },
        {
            "key": 22,
            "value": {
                "polymorphic_id": 1073741824,
                "ptr_wrapper": {
                    "id": 2147483671,
                    "data": {
                        "local_path": "",
                        "filename": "set3_model13.png",
                        "width": 1920,
                        "height": 1080,
                        "id_view": 22,
                        "id_intrinsic": 0,
                        "id_pose": 22
                    }
                }
            }
        },
        {
            "key": 23,
            "value": {
                "polymorphic_id": 1073741824,
                "ptr_wrapper": {
                    "id": 2147483672,
                    "data": {
                        "local_path": "",
                        "filename": "set3_model14.png",
                        "width": 1920,
                        "height": 1080,
                        "id_view": 23,
                        "id_intrinsic": 0,
                        "id_pose": 23
                    }
                }
            }
        },
        {
            "key": 24,
            "value": {
                "polymorphic_id": 1073741824,
                "ptr_wrapper": {
                    "id": 2147483673,
                    "data": {
                        "local_path": "",
                        "filename": "set3_model15.png",
                        "width": 1920,
                        "height": 1080,
                        "id_view": 24,
                        "id_intrinsic": 0,
                        "id_pose": 24
                    }
                }
            }
        },
        {
            "key": 25,
            "value": {
                "polymorphic_id": 1073741824,
                "ptr_wrapper": {
                    "id": 2147483674,
                    "data": {
                        "local_path": "",
                        "filename": "set4_model01.png",
                        "width": 1920,
                        "height": 1080,
                        "id_view": 25,
                        "id_intrinsic": 0,
                        "id_pose": 25
                    }
                }
            }
        },
        {
            "key": 26,
            "value": {
                "polymorphic_id": 1073741824,
                "ptr_wrapper": {
                    "id": 2147483675,
                    "data": {
                        "local_path": "",
                        "filename": "set4_model02.png",
                        "width": 1920,
                        "height": 1080,
                        "id_view": 26,
                        "id_intrinsic": 0,
                        "id_pose": 26
                    }
                }
            }
        },
        {
            "key": 27,
            "value": {
                "polymorphic_id": 1073741824,
                "ptr_wrapper": {
                    "id": 2147483676,
                    "data": {
                        "local_path": "",
                        "filename": "set4_model03.png",
                        "width": 1920,
                        "height": 1080,
                        "id_view": 27,
                        "id_intrinsic": 0,
                        "id_pose": 27
                    }
                }
            }
        },
        {
            "key": 28,
            "value": {
                "polymorphic_id": 1073741824,
                "ptr_wrapper": {
                    "id": 2147483677,
                    "data": {
                        "local_path": "",
                        "filename": "set4_model04.png",
                        "width": 1920,
                        "height": 1080,
                        "id_view": 28,
                        "id_intrinsic": 0,
                        "id_pose": 28
                    }
                }
            }
        },
        {
            "key": 29,
            "value": {
                "polymorphic_id": 1073741824,
                "ptr_wrapper": {
                    "id": 2147483678,
                    "data": {
                        "local_path": "",
                        "filename": "set4_model05.png",
                        "width": 1920,
                        "height": 1080,
                        "id_view": 29,
                        "id_intrinsic": 0,
                        "id_pose": 29
                    }
                }
            }
        },
        {
            "key": 30,
            "value": {
                "polymorphic_id": 1073741824,
                "ptr_wrapper": {
                    "id": 2147483679,
                    "data": {
                        "local_path": "",
                        "filename": "set4_model06.png",
                        "width": 1920,
                        "height": 1080,
                        "id_view": 30,
                        "id_intrinsic": 0,
                        "id_pose": 30
                    }
                }
            }
        },
        {
            "key": 31,
            "value": {
                "polymorphic_id": 1073741824,
                "ptr_wrapper": {
                    "id": 2147483680,
                    "data": {
                        "local_path": "",
                        "filename": "set4_model07.png",
                        "width": 1920,
                        "height": 1080,
                        "id_view": 31,
                        "id_intrinsic": 0,
                        "id_pose": 31
                    }
                }
            }
        },
        {
            "key": 32,
            "value": {
                "polymorphic_id": 1073741824,
                "ptr_wrapper": {
                    "id": 2147483681,
                    "data": {
                        "local_path": "",
                        "filename": "set4_model08.png",
                        "width": 1920,
                        "height": 1080,
                        "id_view": 32,
                        "id_intrinsic": 0,
                        "id_pose": 32
                    }
                }
            }
        },
        {
            "key": 33,
            "value": {
                "polymorphic_id": 1073741824,
                "ptr_wrapper": {
                    "id": 2147483682,
                    "data": {
                        "local_path": "",
                        "filename": "set4_model09.png",
                        "width": 1920,
                        "height": 1080,
                        "id_view": 33,
                        "id_intrinsic": 0,
                        "id_pose": 33
                    }
                }
            }
        },
        {
            "key": 34,
            "value": {
                "polymorphic_id": 1073741824,
                "ptr_wrapper": {
                    "id": 2147483683,
                    "data": {
                        "local_path": "",
                        "filename": "set4_model10.png",
                        "width": 1920,
                        "height": 1080,
                        "id_view": 34,
                        "id_intrinsic": 0,
                        "id_pose": 34
                    }
                }
            }
        }
    ],
    "intrinsics": [
        {
            "key": 0,
            "value": {
                "polymorphic_id": 2147483649,
                "polymorphic_name": "pinhole_radial_k3",
                "ptr_wrapper": {
                    "id": 2147483684,
                    "data": {
                        "width": 1920,
                        "height": 1080,
                        "focal_length": 955.9661904536694,
                        "principal_point": [
                            957.6228077635536,
                            562.8582379107388
                        ],
                        "disto_k3": [
                            0.008029656892416413,
                            -0.016007736728594986,
                            0.006575954860166077
                        ]
                    }
                }
            }
        }
    ],
    "extrinsics": [
        {
            "key": 0,
            "value": {
                "rotation": [
                    [
                        0.8785687681352434,
                        0.44177668182596838,
                        0.18152212827134293
                    ],
                    [
                        -0.4591052425630016,
                        0.8859302309085338,
                        0.06595454657200867
                    ],
                    [
                        -0.13167876027852108,
                        -0.1412833654652554,
                        0.9811726222914716
                    ]
                ],
                "center": [
                    1.3914497258641923,
                    0.5791982751189206,
                    0.21402226428200703
                ]
            }
        },
        {
            "key": 1,
            "value": {
                "rotation": [
                    [
                        0.8817355856889677,
                        0.4215111849611876,
                        0.21182699988988305
                    ],
                    [
                        -0.43573712967472796,
                        0.8997716617753032,
                        0.02332617604620532
                    ],
                    [
                        -0.18076368759394777,
                        -0.11286840841761142,
                        0.977028767042564
                    ]
                ],
                "center": [
                    1.046955925747214,
                    0.29157359911500066,
                    0.1918795111973689
                ]
            }
        },
        {
            "key": 2,
            "value": {
                "rotation": [
                    [
                        0.8838262074241259,
                        0.4209621624354433,
                        0.2040639430863805
                    ],
                    [
                        -0.4260571881136989,
                        0.9044638064878894,
                        -0.02050597986164117
                    ],
                    [
                        -0.19320069235624985,
                        -0.06881918737614731,
                        0.9787427710700869
                    ]
                ],
                "center": [
                    0.6455787917099695,
                    0.002634353581357937,
                    0.11558088249713416
                ]
            }
        },
        {
            "key": 3,
            "value": {
                "rotation": [
                    [
                        0.8752050295864434,
                        0.42667532137822486,
                        0.2279568518675877
                    ],
                    [
                        -0.46903804437532717,
                        0.8637997059067555,
                        0.1839928830253267
                    ],
                    [
                        -0.11840383910651473,
                        -0.26795193263380559,
                        0.9561288054873397
                    ]
                ],
                "center": [
                    0.10117226021320988,
                    0.2071957228340636,
                    -0.003911349951758264
                ]
            }
        },
        {
            "key": 4,
            "value": {
                "rotation": [
                    [
                        0.8753325630308646,
                        0.42795594205581918,
                        0.22504802988902998
                    ],
                    [
                        -0.429410817986737,
                        0.9019861371919895,
                        -0.045026189150703218
                    ],
                    [
                        -0.22225942835744626,
                        -0.057225169048154469,
                        0.9733067484270472
                    ]
                ],
                "center": [
                    -0.12230376164075964,
                    -0.41705562634814066,
                    -0.058683838255456869
                ]
            }
        },
        {
            "key": 5,
            "value": {
                "rotation": [
                    [
                        0.8740960754659858,
                        0.4279672374961825,
                        0.2297827114576897
                    ],
                    [
                        -0.431517502260896,
                        0.9013360415371379,
                        -0.03722882577627915
                    ],
                    [
                        -0.22304415728164524,
                        -0.06661369120570587,
                        0.9725296499575072
                    ]
                ],
                "center": [
                    -0.5305043181697959,
                    -0.601533483692701,
                    -0.17659534342036227
                ]
            }
        },
        {
            "key": 6,
            "value": {
                "rotation": [
                    [
                        0.8748942208624435,
                        0.42754175062420798,
                        0.2275261606380364
                    ],
                    [
                        -0.43057157198890719,
                        0.9017235973393035,
                        -0.03876435729464583
                    ],
                    [
                        -0.2217390892389056,
                        -0.06405158448198739,
                        0.9730000877846042
                    ]
                ],
                "center": [
                    -0.9472191737304803,
                    -0.8092564854804886,
                    -0.2817126163286464
                ]
            }
        },
        {
            "key": 12,
            "value": {
                "rotation": [
                    [
                        0.24279625035146924,
                        0.15435519758765138,
                        0.9577183582833441
                    ],
                    [
                        -0.22725889197345745,
                        0.9688366937206632,
                        -0.0985335319544077
                    ],
                    [
                        -0.9430818505486484,
                        -0.19372644083369465,
                        0.2703085076124056
                    ]
                ],
                "center": [
                    1.4299349788885146,
                    0.2533744340485793,
                    -0.7850361265769343
                ]
            }
        },
        {
            "key": 13,
            "value": {
                "rotation": [
                    [
                        0.3764480948923001,
                        0.21693406714284628,
                        0.9006810991493166
                    ],
                    [
                        -0.23799774519614384,
                        0.9622154934078439,
                        -0.13228158423397863
                    ],
                    [
                        -0.8953456902970547,
                        -0.16456292036410526,
                        0.4138540082054636
                    ]
                ],
                "center": [
                    1.2626433888143898,
                    0.15000092961642146,
                    -1.2808800185131278
                ]
            }
        },
        {
            "key": 14,
            "value": {
                "rotation": [
                    [
                        0.5024518011883549,
                        0.2724918850739456,
                        0.8205427228678746
                    ],
                    [
                        -0.2534497081014877,
                        0.9537658839757705,
                        -0.16153601464437526
                    ],
                    [
                        -0.8266229085537422,
                        -0.12680225208080796,
                        0.5482843750476449
                    ]
                ],
                "center": [
                    1.0224667930372529,
                    0.01949128410599782,
                    -1.7458520038993047
                ]
            }
        },
        {
            "key": 15,
            "value": {
                "rotation": [
                    [
                        0.6134309930919754,
                        0.32269334279794467,
                        0.7208130293134837
                    ],
                    [
                        -0.27234189046934528,
                        0.9431613633374814,
                        -0.19046400553114163
                    ],
                    [
                        -0.7413044660662554,
                        -0.07947105901692608,
                        0.6664473267775573
                    ]
                ],
                "center": [
                    0.7307664269640831,
                    -0.14500021500729805,
                    -2.1592385925271087
                ]
            }
        },
        {
            "key": 16,
            "value": {
                "rotation": [
                    [
                        0.7117279861483027,
                        0.36344448728228975,
                        0.6011250938011116
                    ],
                    [
                        -0.2959506505806151,
                        0.9312369031590103,
                        -0.21262888471636832
                    ],
                    [
                        -0.6370686667496622,
                        -0.026569434674631785,
                        0.7703489981734761
                    ]
                ],
                "center": [
                    0.3676741351714501,
                    -0.32739413541659809,
                    -2.5148837076628034
                ]
            }
        },
        {
            "key": 17,
            "value": {
                "rotation": [
                    [
                        0.7908232604935853,
                        0.39733142420833458,
                        0.4655387309331753
                    ],
                    [
                        -0.3217386813967277,
                        0.9169334844381801,
                        -0.2360449237097729
                    ],
                    [
                        -0.5206561164102366,
                        0.03688799876157642,
                        0.8529692163214192
                    ]
                ],
                "center": [
                    -0.028287811496903627,
                    -0.5513323446604868,
                    -2.8115486645997458
                ]
            }
        },
        {
            "key": 18,
            "value": {
                "rotation": [
                    [
                        0.8509881944595701,
                        0.41932807151037057,
                        0.3162009824997934
                    ],
                    [
                        -0.34971676878991789,
                        0.9016259743060053,
                        -0.25449711999133858
                    ],
                    [
                        -0.39181280545380378,
                        0.10599325874856468,
                        0.9139191181840325
                    ]
                ],
                "center": [
                    -0.47134455023789259,
                    -0.7976198687666499,
                    -3.036644135808255
                ]
            }
        },
        {
            "key": 19,
            "value": {
                "rotation": [
                    [
                        0.8890214264481972,
                        0.42897841036435799,
                        0.16005757325812856
                    ],
                    [
                        -0.37999360884028707,
                        0.8862891001830864,
                        -0.2647574137530242
                    ],
                    [
                        -0.25543249706438617,
                        0.17455415875287423,
                        0.9509390543591786
                    ]
                ],
                "center": [
                    -0.9472731101912209,
                    -1.039860319508095,
                    -3.171408569406729
                ]
            }
        },
        {
            "key": 20,
            "value": {
                "rotation": [
                    [
                        0.9038386875252453,
                        0.4278731499768855,
                        -0.00044097789005816124
                    ],
                    [
                        -0.4126512338287137,
                        0.8714105477831895,
                        -0.26525952656189735
                    ],
                    [
                        -0.1131131564066805,
                        0.2399337924116969,
                        0.9641769490641532
                    ]
                ],
                "center": [
                    -1.4465905968998503,
                    -1.2649543384070526,
                    -3.2107652078337916
                ]
            }
        },
        {
            "key": 21,
            "value": {
                "rotation": [
                    [
                        0.8947659380116479,
                        0.41671808454151218,
                        -0.16043676071957115
                    ],
                    [
                        -0.445492297129643,
                        0.8576119593893425,
                        -0.2569792604677013
                    ],
                    [
                        0.030504579529795699,
                        0.301409630118923,
                        0.9530066660308754
                    ]
                ],
                "center": [
                    -1.948673296715775,
                    -1.4711366490651459,
                    -3.157387681523283
                ]
            }
        },
        {
            "key": 22,
            "value": {
                "rotation": [
                    [
                        0.8624898430269546,
                        0.39394277047092765,
                        -0.31767965668111206
                    ],
                    [
                        -0.47711695085808938,
                        0.8422656204976708,
                        -0.2508944792767531
                    ],
                    [
                        0.16873258689185906,
                        0.3679642891930731,
                        0.9144023162697138
                    ]
                ],
                "center": [
                    -2.428816793951498,
                    -1.7063835673385624,
                    -3.0253603889194169
                ]
            }
        },
        {
            "key": 23,
            "value": {
                "rotation": [
                    [
                        0.80759718097288,
                        0.3609138042406656,
                        -0.4663989914152771
                    ],
                    [
                        -0.5070207616962228,
                        0.8288370660445861,
                        -0.23655668487612989
                    ],
                    [
                        0.30119219859358806,
                        0.42751648372797626,
                        0.8523572699562242
                    ]
                ],
                "center": [
                    -2.8925452450899966,
                    -1.915699269805378,
                    -2.811265868152293
                ]
            }
        },
        {
            "key": 24,
            "value": {
                "rotation": [
                    [
                        0.731010690976806,
                        0.3149124053520944,
                        -0.6053540671648046
                    ],
                    [
                        -0.5336966800863949,
                        0.8166538592829929,
                        -0.21964591456012509
                    ],
                    [
                        0.4251955119029042,
                        0.4836389676954823,
                        0.7650504072177699
                    ]
                ],
                "center": [
                    -3.3277661415073527,
                    -2.112778912181912,
                    -2.5029528734605934
                ]
            }
        },
        {
            "key": 25,
            "value": {
                "rotation": [
                    [
                        -0.2473430867284488,
                        -0.030938831864479156,
                        0.9684338832003475
                    ],
                    [
                        -0.46741967020857597,
                        0.879309393024327,
                        -0.09128988575573846
                    ],
                    [
                        -0.8487286075947652,
                        -0.4752449684342288,
                        -0.2319525180466892
                    ]
                ],
                "center": [
                    0.6137207538639409,
                    0.9841560721891688,
                    1.7518496715383958
                ]
            }
        },
        {
            "key": 26,
            "value": {
                "rotation": [
                    [
                        -0.006218210191538731,
                        0.08316561575119835,
                        0.996516339162955
                    ],
                    [
                        -0.4669461466876224,
                        0.8809760029051582,
                        -0.07643676078191625
                    ],
                    [
                        -0.8842638915819163,
                        -0.4657947645283001,
                        0.0333557698521596
                    ]
                ],
                "center": [
                    0.9034077570078793,
                    1.032037991900063,
                    0.9457868344170807
                ]
            }
        },
        {
            "key": 27,
            "value": {
                "rotation": [
                    [
                        0.22370166490899946,
                        0.18914834688736488,
                        0.9561278512765533
                    ],
                    [
                        -0.46493048791528099,
                        0.882892496186019,
                        -0.0658823313588664
                    ],
                    [
                        -0.856619639352146,
                        -0.4297950011903323,
                        0.2854453545391862
                    ]
                ],
                "center": [
                    1.015618274165298,
                    1.0086238590944615,
                    0.13897413132392068
                ]
            }
        },
        {
            "key": 28,
            "value": {
                "rotation": [
                    [
                        0.4384289106427761,
