{
    "sfm_data_version": "0.3",
    "root_path": "images",
    "views": [
        {
            "key": 0,
            "value": {
                "polymorphic_id": 1073741824,
                "ptr_wrapper": {
                    "id": 2147483649,
                    "data": {
                        "local_path": "",
                        "filename": "set4_model01.png",
                        "width": 1920,
                        "height": 1080,
                        "id_view": 0,
                        "id_intrinsic": 0,
                        "id_pose": 0
                    }
                }
            }
        },
        {
            "key": 1,
            "value": {
                "polymorphic_id": 1073741824,
                "ptr_wrapper": {
                    "id": 2147483650,
                    "data": {
                        "local_path": "",
                        "filename": "set4_model02.png",
                        "width": 1920,
                        "height": 1080,
                        "id_view": 1,
                        "id_intrinsic": 0,
                        "id_pose": 1
                    }
                }
            }
        },
        {
            "key": 2,
            "value": {
                "polymorphic_id": 1073741824,
                "ptr_wrapper": {
                    "id": 2147483651,
                    "data": {
                        "local_path": "",
                        "filename": "set4_model03.png",
                        "width": 1920,
                        "height": 1080,
                        "id_view": 2,
                        "id_intrinsic": 0,
                        "id_pose": 2
                    }
                }
            }
        },
        {
            "key": 3,
            "value": {
                "polymorphic_id": 1073741824,
                "ptr_wrapper": {
                    "id": 2147483652,
                    "data": {
                        "local_path": "",
                        "filename": "set4_model04.png",
                        "width": 1920,
                        "height": 1080,
                        "id_view": 3,
                        "id_intrinsic": 0,
                        "id_pose": 3
                    }
                }
            }
        },
        {
            "key": 4,
            "value": {
                "polymorphic_id": 1073741824,
                "ptr_wrapper": {
                    "id": 2147483653,
                    "data": {
                        "local_path": "",
                        "filename": "set4_model05.png",
                        "width": 1920,
                        "height": 1080,
                        "id_view": 4,
                        "id_intrinsic": 0,
                        "id_pose": 4
                    }
                }
            }
        },
        {
            "key": 5,
            "value": {
                "polymorphic_id": 1073741824,
                "ptr_wrapper": {
                    "id": 2147483654,
                    "data": {
                        "local_path": "",
                        "filename": "set4_model06.png",
                        "width": 1920,
                        "height": 1080,
                        "id_view": 5,
                        "id_intrinsic": 0,
                        "id_pose": 5
                    }
                }
            }
        },
        {
            "key": 6,
            "value": {
                "polymorphic_id": 1073741824,
                "ptr_wrapper": {
                    "id": 2147483655,
                    "data": {
                        "local_path": "",
                        "filename": "set4_model07.png",
                        "width": 1920,
                        "height": 1080,
                        "id_view": 6,
                        "id_intrinsic": 0,
                        "id_pose": 6
                    }
                }
            }
        },
        {
            "key": 7,
            "value": {
                "polymorphic_id": 1073741824,
                "ptr_wrapper": {
                    "id": 2147483656,
                    "data": {
                        "local_path": "",
                        "filename": "set4_model08.png",
                        "width": 1920,
                        "height": 1080,
                        "id_view": 7,
                        "id_intrinsic": 0,
                        "id_pose": 7
                    }
                }
            }
        },
        {
            "key": 8,
            "value": {
                "polymorphic_id": 1073741824,
                "ptr_wrapper": {
                    "id": 2147483657,
                    "data": {
                        "local_path": "",
                        "filename": "set4_model09.png",
                        "width": 1920,
                        "height": 1080,
                        "id_view": 8,
                        "id_intrinsic": 0,
                        "id_pose": 8
                    }
                }
            }
        },
        {
            "key": 9,
            "value": {
                "polymorphic_id": 1073741824,
                "ptr_wrapper": {
                    "id": 2147483658,
                    "data": {
                        "local_path": "",
                        "filename": "set4_model10.png",
                        "width": 1920,
                        "height": 1080,
                        "id_view": 9,
                        "id_intrinsic": 0,
                        "id_pose": 9
                    }
                }
            }
        },
        {
            "key": 10,
            "value": {
                "polymorphic_id": 1073741824,
                "ptr_wrapper": {
                    "id": 2147483659,
                    "data": {
                        "local_path": "",
                        "filename": "set5_model01.png",
                        "width": 1920,
                        "height": 1080,
                        "id_view": 10,
                        "id_intrinsic": 0,
                        "id_pose": 10
                    }
                }
            }
        },
        {
            "key": 11,
            "value": {
                "polymorphic_id": 1073741824,
                "ptr_wrapper": {
                    "id": 2147483660,
                    "data": {
                        "local_path": "",
                        "filename": "set5_model02.png",
                        "width": 1920,
                        "height": 1080,
                        "id_view": 11,
                        "id_intrinsic": 0,
                        "id_pose": 11
                    }
                }
            }
        },
        {
            "key": 12,
            "value": {
                "polymorphic_id": 1073741824,
                "ptr_wrapper": {
                    "id": 2147483661,
                    "data": {
                        "local_path": "",
                        "filename": "set5_model03.png",
                        "width": 1920,
                        "height": 1080,
                        "id_view": 12,
                        "id_intrinsic": 0,
                        "id_pose": 12
                    }
                }
            }
        },
        {
            "key": 13,
            "value": {
                "polymorphic_id": 1073741824,
                "ptr_wrapper": {
                    "id": 2147483662,
                    "data": {
                        "local_path": "",
                        "filename": "set5_model04.png",
                        "width": 1920,
                        "height": 1080,
                        "id_view": 13,
                        "id_intrinsic": 0,
                        "id_pose": 13
                    }
                }
            }
        },
        {
            "key": 14,
            "value": {
                "polymorphic_id": 1073741824,
                "ptr_wrapper": {
                    "id": 2147483663,
                    "data": {
                        "local_path": "",
                        "filename": "set5_model05.png",
                        "width": 1920,
                        "height": 1080,
                        "id_view": 14,
                        "id_intrinsic": 0,
                        "id_pose": 14
                    }
                }
            }
        },
        {
            "key": 15,
            "value": {
                "polymorphic_id": 1073741824,
                "ptr_wrapper": {
                    "id": 2147483664,
                    "data": {
                        "local_path": "",
                        "filename": "set5_model06.png",
                        "width": 1920,
                        "height": 1080,
                        "id_view": 15,
                        "id_intrinsic": 0,
                        "id_pose": 15
                    }
                }
            }
        },
        {
            "key": 16,
            "value": {
                "polymorphic_id": 1073741824,
                "ptr_wrapper": {
                    "id": 2147483665,
                    "data": {
                        "local_path": "",
                        "filename": "set5_model07.png",
                        "width": 1920,
                        "height": 1080,
                        "id_view": 16,
                        "id_intrinsic": 0,
                        "id_pose": 16
                    }
                }
            }
        },
        {
            "key": 17,
            "value": {
                "polymorphic_id": 1073741824,
                "ptr_wrapper": {
                    "id": 2147483666,
                    "data": {
                        "local_path": "",
                        "filename": "set5_model08.png",
                        "width": 1920,
                        "height": 1080,
                        "id_view": 17,
                        "id_intrinsic": 0,
                        "id_pose": 17
                    }
                }
            }
        },
        {
            "key": 18,
            "value": {
                "polymorphic_id": 1073741824,
                "ptr_wrapper": {
                    "id": 2147483667,
                    "data": {
                        "local_path": "",
                        "filename": "set5_model09.png",
                        "width": 1920,
                        "height": 1080,
                        "id_view": 18,
                        "id_intrinsic": 0,
                        "id_pose": 18
                    }
                }
            }
        },
        {
            "key": 19,
            "value": {
                "polymorphic_id": 1073741824,
                "ptr_wrapper": {
                    "id": 2147483668,
                    "data": {
                        "local_path": "",
                        "filename": "set5_model10.png",
                        "width": 1920,
                        "height": 1080,
                        "id_view": 19,
                        "id_intrinsic": 0,
                        "id_pose": 19
                    }
                }
            }
        },
        {
            "key": 20,
            "value": {
                "polymorphic_id": 1073741824,
                "ptr_wrapper": {
                    "id": 2147483669,
                    "data": {
                        "local_path": "",
                        "filename": "set6_model01.png",
                        "width": 1920,
                        "height": 1080,
                        "id_view": 20,
                        "id_intrinsic": 0,
                        "id_pose": 20
                    }
                }
            }
        },
        {
            "key": 21,
            "value": {
                "polymorphic_id": 1073741824,
                "ptr_wrapper": {
                    "id": 2147483670,
                    "data": {
                        "local_path": "",
                        "filename": "set6_model02.png",
                        "width": 1920,
                        "height": 1080,
                        "id_view": 21,
                        "id_intrinsic": 0,
                        "id_pose": 21
                    }
                }
            }
        },
        {
            "key": 22,
            "value": {
                "polymorphic_id": 1073741824,
                "ptr_wrapper": {
                    "id": 2147483671,
                    "data": {
                        "local_path": "",
                        "filename": "set6_model03.png",
                        "width": 1920,
                        "height": 1080,
                        "id_view": 22,
                        "id_intrinsic": 0,
                        "id_pose": 22
                    }
                }
            }
        },
        {
            "key": 23,
            "value": {
                "polymorphic_id": 1073741824,
                "ptr_wrapper": {
                    "id": 2147483672,
                    "data": {
                        "local_path": "",
                        "filename": "set6_model04.png",
                        "width": 1920,
                        "height": 1080,
                        "id_view": 23,
                        "id_intrinsic": 0,
                        "id_pose": 23
                    }
                }
            }
        },
        {
            "key": 24,
            "value": {
                "polymorphic_id": 1073741824,
                "ptr_wrapper": {
                    "id": 2147483673,
                    "data": {
                        "local_path": "",
                        "filename": "set6_model05.png",
                        "width": 1920,
                        "height": 1080,
                        "id_view": 24,
                        "id_intrinsic": 0,
                        "id_pose": 24
                    }
                }
            }
        },
        {
            "key": 25,
            "value": {
                "polymorphic_id": 1073741824,
                "ptr_wrapper": {
                    "id": 2147483674,
                    "data": {
                        "local_path": "",
                        "filename": "set6_model06.png",
                        "width": 1920,
                        "height": 1080,
                        "id_view": 25,
                        "id_intrinsic": 0,
                        "id_pose": 25
                    }
                }
            }
        },
        {
            "key": 26,
            "value": {
                "polymorphic_id": 1073741824,
                "ptr_wrapper": {
                    "id": 2147483675,
                    "data": {
                        "local_path": "",
                        "filename": "set6_model07.png",
                        "width": 1920,
                        "height": 1080,
                        "id_view": 26,
                        "id_intrinsic": 0,
                        "id_pose": 26
                    }
                }
            }
        },
        {
            "key": 27,
            "value": {
                "polymorphic_id": 1073741824,
                "ptr_wrapper": {
                    "id": 2147483676,
                    "data": {
                        "local_path": "",
                        "filename": "set6_model08.png",
                        "width": 1920,
                        "height": 1080,
                        "id_view": 27,
                        "id_intrinsic": 0,
                        "id_pose": 27
                    }
                }
            }
        },
        {
            "key": 28,
            "value": {
                "polymorphic_id": 1073741824,
                "ptr_wrapper": {
                    "id": 2147483677,
                    "data": {
                        "local_path": "",
                        "filename": "set6_model09.png",
                        "width": 1920,
                        "height": 1080,
                        "id_view": 28,
                        "id_intrinsic": 0,
                        "id_pose": 28
                    }
                }
            }
        },
        {
            "key": 29,
            "value": {
                "polymorphic_id": 1073741824,
                "ptr_wrapper": {
                    "id": 2147483678,
                    "data": {
                        "local_path": "",
                        "filename": "set6_model10.png",
                        "width": 1920,
                        "height": 1080,
                        "id_view": 29,
                        "id_intrinsic": 0,
                        "id_pose": 29
                    }
                }
            }
        },
        {
            "key": 30,
            "value": {
                "polymorphic_id": 1073741824,
                "ptr_wrapper": {
                    "id": 2147483679,
                    "data": {
                        "local_path": "",
                        "filename": "set6_model11.png",
                        "width": 1920,
                        "height": 1080,
                        "id_view": 30,
                        "id_intrinsic": 0,
                        "id_pose": 30
                    }
                }
            }
        },
        {
            "key": 31,
            "value": {
                "polymorphic_id": 1073741824,
                "ptr_wrapper": {
                    "id": 2147483680,
                    "data": {
                        "local_path": "",
                        "filename": "set6_model12.png",
                        "width": 1920,
                        "height": 1080,
                        "id_view": 31,
                        "id_intrinsic": 0,
                        "id_pose": 31
                    }
                }
            }
        },
        {
            "key": 32,
            "value": {
                "polymorphic_id": 1073741824,
                "ptr_wrapper": {
                    "id": 2147483681,
                    "data": {
                        "local_path": "",
                        "filename": "set6_model13.png",
                        "width": 1920,
                        "height": 1080,
                        "id_view": 32,
                        "id_intrinsic": 0,
                        "id_pose": 32
                    }
                }
            }
        },
        {
            "key": 33,
            "value": {
                "polymorphic_id": 1073741824,
                "ptr_wrapper": {
                    "id": 2147483682,
                    "data": {
                        "local_path": "",
                        "filename": "set6_model14.png",
                        "width": 1920,
                        "height": 1080,
                        "id_view": 33,
                        "id_intrinsic": 0,
                        "id_pose": 33
                    }
                }
            }
        },
        {
            "key": 34,
            "value": {
                "polymorphic_id": 1073741824,
                "ptr_wrapper": {
                    "id": 2147483683,
                    "data": {
                        "local_path": "",
                        "filename": "set6_model15.png",
                        "width": 1920,
                        "height": 1080,
                        "id_view": 34,
                        "id_intrinsic": 0,
                        "id_pose": 34
                    }
                }
            }
        }
    ],
    "intrinsics": [
        {
            "key": 0,
            "value": {
                "polymorphic_id": 2147483649,
                "polymorphic_name": "pinhole_radial_k3",
                "ptr_wrapper": {
                    "id": 2147483684,
                    "data": {
                        "width": 1920,
                        "height": 1080,
                        "focal_length": 961.4873594720166,
                        "principal_point": [
                            966.8831755703497,
                            613.8085327710594
                        ],
                        "disto_k3": [
                            0.009699296002614627,
                            -0.00018093756332512314,
                            -0.00003672127683828479
                        ]
                    }
                }
            }
        }
    ],
    "extrinsics": [
        {
            "key": 0,
            "value": {
                "rotation": [
                    [
                        0.12859021016618833,
                        0.22488346445374525,
                        -0.965863336743194
                    ],
                    [
                        -0.46718894974239119,
                        0.8728381387382501,
                        0.14102506444795064
                    ],
                    [
                        0.874756562186313,
                        0.43310623521167215,
                        0.21730150927399184
                    ]
                ],
                "center": [
                    -0.7554635931311157,
                    -0.6739488044016666,
                    0.0018394829252459944
                ]
            }
        },
        {
            "key": 1,
            "value": {
                "rotation": [
                    [
                        0.1262041672509766,
                        0.22318302719026304,
                        -0.9665722138271293
                    ],
                    [
                        -0.466139288962813,
                        0.8734332391601049,
                        0.14081384880589749
                    ],
                    [
                        0.8756635606519954,
                        0.4327859899586369,
                        0.2142652922005615
                    ]
                ],
                "center": [
                    -0.7890319886534037,
                    -0.7287399786630212,
                    0.2409660538927005
                ]
            }
        },
        {
            "key": 2,
            "value": {
                "rotation": [
                    [
                        0.1244662726492293,
                        0.22227233493742694,
                        -0.9670073195660269
                    ],
                    [
                        -0.46384638367436517,
                        0.8745710568468935,
                        0.14132232264550979
                    ],
                    [
                        0.8771286560847396,
                        0.4309529854255243,
                        0.2119548183642128
                    ]
                ],
                "center": [
                    -0.8230199088837658,
                    -0.7797857653432467,
                    0.47896354680806399
                ]
            }
        },
        {
            "key": 3,
            "value": {
                "rotation": [
                    [
                        0.12159272864767416,
                        0.22034086266003484,
                        -0.9678146065142048
                    ],
                    [
                        -0.4628303435498823,
                        0.875145892933273,
                        0.14109478789637285
                    ],
                    [
                        0.8780679252936594,
                        0.4307778665672787,
                        0.2083918142495833
                    ]
                ],
                "center": [
                    -0.8561039530087711,
                    -0.8343945660719789,
                    0.7196196333676939
                ]
            }
        },
        {
            "key": 4,
            "value": {
                "rotation": [
                    [
                        0.11734669118111715,
                        0.2180714048729321,
                        -0.9688522159986986
                    ],
                    [
                        -0.46157789108659078,
                        0.8757872374713908,
                        0.14121814735466793
                    ],
                    [
                        0.8793040455547209,
                        0.43062928030845168,
                        0.20342767366345708
                    ]
                ],
                "center": [
                    -0.8893681486137307,
                    -0.8887617964285575,
                    0.9631345799915673
                ]
            }
        },
        {
            "key": 5,
            "value": {
                "rotation": [
                    [
                        0.11291778882032488,
                        0.21543544524397896,
                        -0.9699675983765937
                    ],
                    [
                        -0.4615895787055283,
                        0.8758490922472929,
                        0.14079569751965469
                    ],
                    [
                        0.8798776243310097,
                        0.43182859625333028,
                        0.1983416992452592
                    ]
                ],
                "center": [
                    -0.9193451803106756,
                    -0.9442988104881885,
                    1.2076807755606945
                ]
            }
        },
        {
            "key": 6,
            "value": {
                "rotation": [
                    [
                        0.10908318787856822,
                        0.21334234552050203,
                        -0.9708686325811848
                    ],
                    [
                        -0.4619705276767414,
                        0.8756920863390761,
                        0.14052260131804074
                    ],
                    [
                        0.8801613997900168,
                        0.43318404117756539,
                        0.19408116031380086
                    ]
                ],
                "center": [
                    -0.9468146199998435,
                    -0.9989937012610548,
                    1.4511106816562783
                ]
            }
        },
        {
            "key": 7,
            "value": {
                "rotation": [
                    [
                        0.10467000838284829,
                        0.21026324367336034,
                        -0.972025492312363
                    ],
                    [
                        -0.46230394592505288,
                        0.8756580200081258,
                        0.13963557418356743
                    ],
                    [
                        0.8805221467556965,
                        0.4347555639154097,
                        0.18886065952795423
                    ]
                ],
                "center": [
                    -0.9721654737627682,
                    -1.0523464350255437,
                    1.6973497125216955
                ]
            }
        },
        {
            "key": 8,
            "value": {
                "rotation": [
                    [
                        0.100748829093851,
                        0.2077074839014314,
                        -0.9729888357877261
                    ],
                    [
                        -0.4624319610664837,
                        0.8756832179226182,
                        0.13905244777742918
                    ],
                    [
                        0.8809122287835629,
                        0.43593176413290327,
                        0.18427463797156336
                    ]
                ],
                "center": [
                    -0.9963165175293143,
                    -1.104009516726081,
                    1.9427682861071885
                ]
            }
        },
        {
            "key": 9,
            "value": {
                "rotation": [
                    [
                        0.09768592913637959,
                        0.20587208357768564,
                        -0.9736909902284936
                    ],
                    [
                        -0.46275572703714809,
                        0.8755681718901529,
                        0.13869936361517982
                    ],
                    [
                        0.8810871672786311,
                        0.4370321058873338,
                        0.18079917610597535
                    ]
                ],
                "center": [
                    -1.0186014780149726,
                    -1.1544343127988058,
                    2.1847222221663027
                ]
            }
        },
        {
            "key": 10,
            "value": {
                "rotation": [
                    [
                        0.136170949158225,
                        0.21296668434164227,
                        -0.9675239862483386
                    ],
                    [
                        -0.04288127980852305,
                        0.9769726087095162,
                        0.2090112859950521
                    ],
                    [
                        0.9897568734024186,
                        0.013027401577045114,
                        0.14216757141070936
                    ]
                ],
                "center": [
                    -0.14479563981326247,
                    -0.0022154923423409434,
                    0.23789052134604134
                ]
            }
        },
        {
            "key": 11,
            "value": {
                "rotation": [
                    [
                        0.13504959081797539,
                        0.21301760334467327,
                        -0.9676699378843949
                    ],
                    [
                        -0.04516153915949203,
                        0.9769252551112647,
                        0.20875220072261725
                    ],
                    [
                        0.9898090944220723,
                        0.015509564503288026,
                        0.14155355879763413
                    ]
                ],
                "center": [
                    -0.17564925844553487,
                    -0.0563416472668979,
                    0.47368818689839239
                ]
            }
        },
        {
            "key": 12,
            "value": {
                "rotation": [
                    [
                        0.13240051357045075,
                        0.21324337403560993,
                        -0.9679862434126787
                    ],
                    [
                        -0.04220553793949308,
                        0.9769109485099683,
                        0.2094366043665535
                    ],
                    [
                        0.990297327358566,
                        0.013124866142678216,
                        0.13834356260852138
                    ]
                ],
                "center": [
                    -0.20827667594851144,
                    -0.10544916697506048,
                    0.7117425601930183
                ]
            }
        },
        {
            "key": 13,
            "value": {
                "rotation": [
                    [
                        0.12870403060224376,
                        0.21304445604944442,
                        -0.9685284364711926
                    ],
                    [
                        -0.04088055830951379,
                        0.9769608091796973,
                        0.20946684052434984
                    ],
                    [
                        0.9908400741083492,
                        0.012634756568581554,
                        0.13444817018990455
                    ]
                ],
                "center": [
                    -0.24118360047117075,
                    -0.15678436354092319,
                    0.9505378804400451
                ]
            }
        },
        {
            "key": 14,
            "value": {
                "rotation": [
                    [
                        0.12316770761395307,
                        0.2128720730590435,
                        -0.9692859208265996
                    ],
                    [
                        -0.04121357321437265,
                        0.9769773856063522,
                        0.2093242207597602
                    ],
                    [
                        0.9915297056488159,
                        0.014165751844590985,
                        0.12910528374412165
                    ]
                ],
                "center": [
                    -0.27285241974611509,
                    -0.21014273786369293,
                    1.1914263630211728
                ]
            }
        },
        {
            "key": 15,
            "value": {
                "rotation": [
                    [
                        0.1177734536509162,
                        0.21267770135021264,
                        -0.9699987675061889
                    ],
                    [
                        -0.041151122748343,
                        0.9770029831705925,
                        0.2092170068907249
                    ],
                    [
                        0.9921874816342354,
                        0.01527632888336039,
                        0.12381694174934667
                    ]
                ],
                "center": [
                    -0.30273550623394659,
                    -0.2630112977529197,
                    1.4326147914242005
                ]
            }
        },
        {
            "key": 16,
            "value": {
                "rotation": [
                    [
                        0.11304205973170754,
                        0.21253184721578623,
                        -0.9705934816650371
                    ],
                    [
                        -0.04178586649722961,
                        0.9770075801551378,
                        0.2090696766163801
                    ],
                    [
                        0.9927111534039944,
                        0.016923422775778908,
                        0.11932377662839658
                    ]
                ],
                "center": [
                    -0.331195076323321,
                    -0.3163782644472431,
                    1.6730763772655
                ]
            }
        },
        {
            "key": 17,
            "value": {
                "rotation": [
                    [
                        0.11008806211182297,
                        0.21249666700614476,
                        -0.9709406702223071
                    ],
                    [
                        -0.038954456437060167,
                        0.9770501871175792,
                        0.20941700546325388
                    ],
                    [
                        0.9931581791961222,
                        0.014768153736434212,
                        0.11583925384367966
                    ]
                ],
                "center": [
                    -0.3592232926933433,
                    -0.3658874759107634,
                    1.9124157896750172
                ]
            }
        },
        {
            "key": 18,
            "value": {
                "rotation": [
                    [
                        0.10669571479603596,
                        0.21260490521927387,
                        -0.9712956186047926
                    ],
                    [
                        -0.0387339879649001,
                        0.9770191065678882,
                        0.2096028234008806
                    ],
                    [
                        0.9935369659053951,
                        0.01525842973537396,
                        0.11247878778468733
                    ]
                ],
                "center": [
                    -0.38696332163842986,
                    -0.41808544418286777,
                    2.1518606730587317
                ]
            }
        },
        {
            "key": 19,
            "value": {
                "rotation": [
                    [
                        0.10113016685633519,
                        0.21226308364010833,
                        -0.9719655717540628
                    ],
                    [
                        -0.03491951631017032,
                        0.9771296678145002,
                        0.2097575735399995
                    ],
                    [
                        0.9942601856316452,
                        0.012727749224309831,
                        0.1062294105575736
                    ]
                ],
                "center": [
                    -0.41310286967342588,
                    -0.4671937893711782,
                    2.394761929649442
                ]
            }
        },
        {
            "key": 20,
            "value": {
                "rotation": [
                    [
                        0.9971863780951196,
                        -0.016807054614157426,
                        -0.07305374909430601
                    ],
                    [
                        0.013015944368437916,
                        0.9985588948884897,
                        -0.05206456214428253
                    ],
                    [
                        0.07382352290249236,
                        0.05096720861764805,
                        0.9959680873963734
                    ]
                ],
                "center": [
                    -0.16200045212263546,
                    -0.008501977191386918,
                    0.24420997320710242
                ]
            }
        },
        {
            "key": 21,
            "value": {
                "rotation": [
                    [
                        0.9728445122634005,
                        0.019299774434934266,
                        -0.23065357934735587
                    ],
                    [
                        -0.030843343085029657,
                        0.9984398394099308,
                        -0.046546485005968887
                    ],
                    [
                        0.22939538606154548,
                        0.052396619984808098,
                        0.9719219881594624
                    ]
                ],
                "center": [
                    -0.446970006909807,
                    -0.010642861217405429,
                    0.28564359798374358
                ]
            }
        },
        {
            "key": 22,
            "value": {
                "rotation": [
                    [
                        0.9223874848848539,
                        0.054138304925327677,
                        -0.38245309734345958
                    ],
                    [
                        -0.07233025728254888,
                        0.9968234128318023,
                        -0.03333792902683837
                    ],
                    [
                        0.3794333427747669,
                        0.058413419435695338,
                        0.9233732781603525
                    ]
                ],
                "center": [
                    -0.721590369174425,
                    -0.021220787217477566,
                    0.3725344151334983
                ]
            }
        },
        {
            "key": 23,
            "value": {
                "rotation": [
                    [
                        0.8476369798364106,
