{
    "sfm_data_version": "0.3",
    "root_path": "images",
    "views": [
        {
            "key": 0,
            "value": {
                "polymorphic_id": 1073741824,
                "ptr_wrapper": {
                    "id": 2147483649,
                    "data": {
                        "local_path": "",
                        "filename": "set2_model01.png",
                        "width": 1920,
                        "height": 1080,
                        "id_view": 0,
                        "id_intrinsic": 0,
                        "id_pose": 0
                    }
                }
            }
        },
        {
            "key": 1,
            "value": {
                "polymorphic_id": 1073741824,
                "ptr_wrapper": {
                    "id": 2147483650,
                    "data": {
                        "local_path": "",
                        "filename": "set2_model02.png",
                        "width": 1920,
                        "height": 1080,
                        "id_view": 1,
                        "id_intrinsic": 0,
                        "id_pose": 1
                    }
                }
            }
        },
        {
            "key": 2,
            "value": {
                "polymorphic_id": 1073741824,
                "ptr_wrapper": {
                    "id": 2147483651,
                    "data": {
                        "local_path": "",
                        "filename": "set2_model03.png",
                        "width": 1920,
                        "height": 1080,
                        "id_view": 2,
                        "id_intrinsic": 0,
                        "id_pose": 2
                    }
                }
            }
        },
        {
            "key": 3,
            "value": {
                "polymorphic_id": 1073741824,
                "ptr_wrapper": {
                    "id": 2147483652,
                    "data": {
                        "local_path": "",
                        "filename": "set2_model04.png",
                        "width": 1920,
                        "height": 1080,
                        "id_view": 3,
                        "id_intrinsic": 0,
                        "id_pose": 3
                    }
                }
            }
        },
        {
            "key": 4,
            "value": {
                "polymorphic_id": 1073741824,
                "ptr_wrapper": {
                    "id": 2147483653,
                    "data": {
                        "local_path": "",
                        "filename": "set2_model05.png",
                        "width": 1920,
                        "height": 1080,
                        "id_view": 4,
                        "id_intrinsic": 0,
                        "id_pose": 4
                    }
                }
            }
        },
        {
            "key": 5,
            "value": {
                "polymorphic_id": 1073741824,
                "ptr_wrapper": {
                    "id": 2147483654,
                    "data": {
                        "local_path": "",
                        "filename": "set2_model06.png",
                        "width": 1920,
                        "height": 1080,
                        "id_view": 5,
                        "id_intrinsic": 0,
                        "id_pose": 5
                    }
                }
            }
        },
        {
            "key": 6,
            "value": {
                "polymorphic_id": 1073741824,
                "ptr_wrapper": {
                    "id": 2147483655,
                    "data": {
                        "local_path": "",
                        "filename": "set2_model07.png",
                        "width": 1920,
                        "height": 1080,
                        "id_view": 6,
                        "id_intrinsic": 0,
                        "id_pose": 6
                    }
                }
            }
        },
        {
            "key": 7,
            "value": {
                "polymorphic_id": 1073741824,
                "ptr_wrapper": {
                    "id": 2147483656,
                    "data": {
                        "local_path": "",
                        "filename": "set2_model08.png",
                        "width": 1920,
                        "height": 1080,
                        "id_view": 7,
                        "id_intrinsic": 0,
                        "id_pose": 7
                    }
                }
            }
        },
        {
            "key": 8,
            "value": {
                "polymorphic_id": 1073741824,
                "ptr_wrapper": {
                    "id": 2147483657,
                    "data": {
                        "local_path": "",
                        "filename": "set2_model09.png",
                        "width": 1920,
                        "height": 1080,
                        "id_view": 8,
                        "id_intrinsic": 0,
                        "id_pose": 8
                    }
                }
            }
        },
        {
            "key": 9,
            "value": {
                "polymorphic_id": 1073741824,
                "ptr_wrapper": {
                    "id": 2147483658,
                    "data": {
                        "local_path": "",
                        "filename": "set2_model10.png",
                        "width": 1920,
                        "height": 1080,
                        "id_view": 9,
                        "id_intrinsic": 0,
                        "id_pose": 9
                    }
                }
            }
        },
        {
            "key": 10,
            "value": {
                "polymorphic_id": 1073741824,
                "ptr_wrapper": {
                    "id": 2147483659,
                    "data": {
                        "local_path": "",
                        "filename": "set3_model01.png",
                        "width": 1920,
                        "height": 1080,
                        "id_view": 10,
                        "id_intrinsic": 0,
                        "id_pose": 10
                    }
                }
            }
        },
        {
            "key": 11,
            "value": {
                "polymorphic_id": 1073741824,
                "ptr_wrapper": {
                    "id": 2147483660,
                    "data": {
                        "local_path": "",
                        "filename": "set3_model02.png",
                        "width": 1920,
                        "height": 1080,
                        "id_view": 11,
                        "id_intrinsic": 0,
                        "id_pose": 11
                    }
                }
            }
        },
        {
            "key": 12,
            "value": {
                "polymorphic_id": 1073741824,
                "ptr_wrapper": {
                    "id": 2147483661,
                    "data": {
                        "local_path": "",
                        "filename": "set3_model03.png",
                        "width": 1920,
                        "height": 1080,
                        "id_view": 12,
                        "id_intrinsic": 0,
                        "id_pose": 12
                    }
                }
            }
        },
        {
            "key": 13,
            "value": {
                "polymorphic_id": 1073741824,
                "ptr_wrapper": {
                    "id": 2147483662,
                    "data": {
                        "local_path": "",
                        "filename": "set3_model04.png",
                        "width": 1920,
                        "height": 1080,
                        "id_view": 13,
                        "id_intrinsic": 0,
                        "id_pose": 13
                    }
                }
            }
        },
        {
            "key": 14,
            "value": {
                "polymorphic_id": 1073741824,
                "ptr_wrapper": {
                    "id": 2147483663,
                    "data": {
                        "local_path": "",
                        "filename": "set3_model05.png",
                        "width": 1920,
                        "height": 1080,
                        "id_view": 14,
                        "id_intrinsic": 0,
                        "id_pose": 14
                    }
                }
            }
        },
        {
            "key": 15,
            "value": {
                "polymorphic_id": 1073741824,
                "ptr_wrapper": {
                    "id": 2147483664,
                    "data": {
                        "local_path": "",
                        "filename": "set3_model06.png",
                        "width": 1920,
                        "height": 1080,
                        "id_view": 15,
                        "id_intrinsic": 0,
                        "id_pose": 15
                    }
                }
            }
        },
        {
            "key": 16,
            "value": {
                "polymorphic_id": 1073741824,
                "ptr_wrapper": {
                    "id": 2147483665,
                    "data": {
                        "local_path": "",
                        "filename": "set3_model07.png",
                        "width": 1920,
                        "height": 1080,
                        "id_view": 16,
                        "id_intrinsic": 0,
                        "id_pose": 16
                    }
                }
            }
        },
        {
            "key": 17,
            "value": {
                "polymorphic_id": 1073741824,
                "ptr_wrapper": {
                    "id": 2147483666,
                    "data": {
                        "local_path": "",
                        "filename": "set3_model08.png",
                        "width": 1920,
                        "height": 1080,
                        "id_view": 17,
                        "id_intrinsic": 0,
                        "id_pose": 17
                    }
                }
            }
        },
        {
            "key": 18,
            "value": {
                "polymorphic_id": 1073741824,
                "ptr_wrapper": {
                    "id": 2147483667,
                    "data": {
                        "local_path": "",
                        "filename": "set3_model09.png",
                        "width": 1920,
                        "height": 1080,
                        "id_view": 18,
                        "id_intrinsic": 0,
                        "id_pose": 18
                    }
                }
            }
        },
        {
            "key": 19,
            "value": {
                "polymorphic_id": 1073741824,
                "ptr_wrapper": {
                    "id": 2147483668,
                    "data": {
                        "local_path": "",
                        "filename": "set3_model10.png",
                        "width": 1920,
                        "height": 1080,
                        "id_view": 19,
                        "id_intrinsic": 0,
                        "id_pose": 19
                    }
                }
            }
        },
        {
            "key": 20,
            "value": {
                "polymorphic_id": 1073741824,
                "ptr_wrapper": {
                    "id": 2147483669,
                    "data": {
                        "local_path": "",
                        "filename": "set3_model11.png",
                        "width": 1920,
                        "height": 1080,
                        "id_view": 20,
                        "id_intrinsic": 0,
                        "id_pose": 20
                    }
                }
            }
        },
        {
            "key": 21,
            "value": {
                "polymorphic_id": 1073741824,
                "ptr_wrapper": {
                    "id": 2147483670,
                    "data": {
                        "local_path": "",
                        "filename": "set3_model12.png",
                        "width": 1920,
                        "height": 1080,
                        "id_view": 21,
                        "id_intrinsic": 0,
                        "id_pose": 21
                    }
                }
            }
        },
        {
            "key": 22,
            "value": {
                "polymorphic_id": 1073741824,
                "ptr_wrapper": {
                    "id": 2147483671,
                    "data": {
                        "local_path": "",
                        "filename": "set3_model13.png",
                        "width": 1920,
                        "height": 1080,
                        "id_view": 22,
                        "id_intrinsic": 0,
                        "id_pose": 22
                    }
                }
            }
        },
        {
            "key": 23,
            "value": {
                "polymorphic_id": 1073741824,
                "ptr_wrapper": {
                    "id": 2147483672,
                    "data": {
                        "local_path": "",
                        "filename": "set3_model14.png",
                        "width": 1920,
                        "height": 1080,
                        "id_view": 23,
                        "id_intrinsic": 0,
                        "id_pose": 23
                    }
                }
            }
        },
        {
            "key": 24,
            "value": {
                "polymorphic_id": 1073741824,
                "ptr_wrapper": {
                    "id": 2147483673,
                    "data": {
                        "local_path": "",
                        "filename": "set3_model15.png",
                        "width": 1920,
                        "height": 1080,
                        "id_view": 24,
                        "id_intrinsic": 0,
                        "id_pose": 24
                    }
                }
            }
        },
        {
            "key": 25,
            "value": {
                "polymorphic_id": 1073741824,
                "ptr_wrapper": {
                    "id": 2147483674,
                    "data": {
                        "local_path": "",
                        "filename": "set5_model01.png",
                        "width": 1920,
                        "height": 1080,
                        "id_view": 25,
                        "id_intrinsic": 0,
                        "id_pose": 25
                    }
                }
            }
        },
        {
            "key": 26,
            "value": {
                "polymorphic_id": 1073741824,
                "ptr_wrapper": {
                    "id": 2147483675,
                    "data": {
                        "local_path": "",
                        "filename": "set5_model02.png",
                        "width": 1920,
                        "height": 1080,
                        "id_view": 26,
                        "id_intrinsic": 0,
                        "id_pose": 26
                    }
                }
            }
        },
        {
            "key": 27,
            "value": {
                "polymorphic_id": 1073741824,
                "ptr_wrapper": {
                    "id": 2147483676,
                    "data": {
                        "local_path": "",
                        "filename": "set5_model03.png",
                        "width": 1920,
                        "height": 1080,
                        "id_view": 27,
                        "id_intrinsic": 0,
                        "id_pose": 27
                    }
                }
            }
        },
        {
            "key": 28,
            "value": {
                "polymorphic_id": 1073741824,
                "ptr_wrapper": {
                    "id": 2147483677,
                    "data": {
                        "local_path": "",
                        "filename": "set5_model04.png",
                        "width": 1920,
                        "height": 1080,
                        "id_view": 28,
                        "id_intrinsic": 0,
                        "id_pose": 28
                    }
                }
            }
        },
        {
            "key": 29,
            "value": {
                "polymorphic_id": 1073741824,
                "ptr_wrapper": {
                    "id": 2147483678,
                    "data": {
                        "local_path": "",
                        "filename": "set5_model05.png",
                        "width": 1920,
                        "height": 1080,
                        "id_view": 29,
                        "id_intrinsic": 0,
                        "id_pose": 29
                    }
                }
            }
        },
        {
            "key": 30,
            "value": {
                "polymorphic_id": 1073741824,
                "ptr_wrapper": {
                    "id": 2147483679,
                    "data": {
                        "local_path": "",
                        "filename": "set5_model06.png",
                        "width": 1920,
                        "height": 1080,
                        "id_view": 30,
                        "id_intrinsic": 0,
                        "id_pose": 30
                    }
                }
            }
        },
        {
            "key": 31,
            "value": {
                "polymorphic_id": 1073741824,
                "ptr_wrapper": {
                    "id": 2147483680,
                    "data": {
                        "local_path": "",
                        "filename": "set5_model07.png",
                        "width": 1920,
                        "height": 1080,
                        "id_view": 31,
                        "id_intrinsic": 0,
                        "id_pose": 31
                    }
                }
            }
        },
        {
            "key": 32,
            "value": {
                "polymorphic_id": 1073741824,
                "ptr_wrapper": {
                    "id": 2147483681,
                    "data": {
                        "local_path": "",
                        "filename": "set5_model08.png",
                        "width": 1920,
                        "height": 1080,
                        "id_view": 32,
                        "id_intrinsic": 0,
                        "id_pose": 32
                    }
                }
            }
        },
        {
            "key": 33,
            "value": {
                "polymorphic_id": 1073741824,
                "ptr_wrapper": {
                    "id": 2147483682,
                    "data": {
                        "local_path": "",
                        "filename": "set5_model09.png",
                        "width": 1920,
                        "height": 1080,
                        "id_view": 33,
                        "id_intrinsic": 0,
                        "id_pose": 33
                    }
                }
            }
        },
        {
            "key": 34,
            "value": {
                "polymorphic_id": 1073741824,
                "ptr_wrapper": {
                    "id": 2147483683,
                    "data": {
                        "local_path": "",
                        "filename": "set5_model10.png",
                        "width": 1920,
                        "height": 1080,
                        "id_view": 34,
                        "id_intrinsic": 0,
                        "id_pose": 34
                    }
                }
            }
        }
    ],
    "intrinsics": [
        {
            "key": 0,
            "value": {
                "polymorphic_id": 2147483649,
                "polymorphic_name": "pinhole_radial_k3",
                "ptr_wrapper": {
                    "id": 2147483684,
                    "data": {
                        "width": 1920,
                        "height": 1080,
                        "focal_length": 968.2262583997381,
                        "principal_point": [
                            918.9126707971876,
                            556.8362722025843
                        ],
                        "disto_k3": [
                            -0.020284699375320033,
                            0.002014067557449589,
                            0.0005243625628331457
                        ]
                    }
                }
            }
        }
    ],
    "extrinsics": [
        {
            "key": 0,
            "value": {
                "rotation": [
                    [
                        0.9828468728413812,
                        0.1758600130048926,
                        -0.05554530017775388
                    ],
                    [
                        -0.17631927072332913,
                        0.9843270190706028,
                        -0.0034401016226763448
                    ],
                    [
                        0.05406976343124829,
                        0.013174799941553996,
                        0.9984502417892385
                    ]
                ],
                "center": [
                    1.033765924414711,
                    0.15955913251564506,
                    0.4258056711370267
                ]
            }
        },
        {
            "key": 1,
            "value": {
                "rotation": [
                    [
                        0.9823954132336588,
                        0.186104242424948,
                        0.016262318681697638
                    ],
                    [
                        -0.18550930484662477,
                        0.9821021380677463,
                        -0.03258355748047685
                    ],
                    [
                        -0.02203519622764818,
                        0.02899312598181973,
                        0.9993367044059832
                    ]
                ],
                "center": [
                    0.8233857458310447,
                    0.09197123167665647,
                    0.4915681082711989
                ]
            }
        },
        {
            "key": 2,
            "value": {
                "rotation": [
                    [
                        0.9819526722263767,
                        0.18703260275760826,
                        0.028066973709195653
                    ],
                    [
                        -0.1860901055265013,
                        0.9819743496808393,
                        -0.033118713652984948
                    ],
                    [
                        -0.03375532747009832,
                        0.027298023272895004,
                        0.9990572535109181
                    ]
                ],
                "center": [
                    0.5372104597187623,
                    0.03735800667782235,
                    0.48701551331196477
                ]
            }
        },
        {
            "key": 3,
            "value": {
                "rotation": [
                    [
                        0.9814645908968795,
                        0.187678358686925,
                        0.0387826055881073
                    ],
                    [
                        -0.18639845237895026,
                        0.9818729804176167,
                        -0.03436665937443747
                    ],
                    [
                        -0.04452947076210288,
                        0.026500641622578246,
                        0.9986565186425405
                    ]
                ],
                "center": [
                    0.2504383866342124,
                    -0.018855358531250877,
                    0.4782604877955414
                ]
            }
        },
        {
            "key": 4,
            "value": {
                "rotation": [
                    [
                        0.9809075294385432,
                        0.18819746690887766,
                        0.04901155108599836
                    ],
                    [
                        -0.1865873341956553,
                        0.9817923447019099,
                        -0.03562244520642837
                    ],
                    [
                        -0.05482321961114989,
                        0.02579739005806691,
                        0.9981627669161276
                    ]
                ],
                "center": [
                    -0.036794552459793006,
                    -0.07546966849412495,
                    0.46541627200420146
                ]
            }
        },
        {
            "key": 5,
            "value": {
                "rotation": [
                    [
                        0.980361188137256,
                        0.18844045749179839,
                        0.05815612413486147
                    ],
                    [
                        -0.18673861085149363,
                        0.9818390672636467,
                        -0.033477413462017466
                    ],
                    [
                        -0.06340845378466589,
                        0.021959963003934575,
                        0.9977460238024022
                    ]
                ],
                "center": [
                    -0.32657726881663359,
                    -0.1285689365151706,
                    0.44772929006945408
                ]
            }
        },
        {
            "key": 6,
            "value": {
                "rotation": [
                    [
                        0.9798284562268369,
                        0.1883507235515115,
                        0.06678473856919413
                    ],
                    [
                        -0.18697884842689106,
                        0.9820121947495731,
                        -0.02628611047834955
                    ],
                    [
                        -0.07053443562606292,
                        0.013268545540050402,
                        0.9974210941674356
                    ]
                ],
                "center": [
                    -0.6187679820154861,
                    -0.17542788049434675,
                    0.4264101541998728
                ]
            }
        },
        {
            "key": 7,
            "value": {
                "rotation": [
                    [
                        0.97900472580272,
                        0.18852906451246344,
                        0.07750186249372489
                    ],
                    [
                        -0.18735434212462094,
                        0.9820409376748515,
                        -0.022224923346301548
                    ],
                    [
                        -0.08030004572222442,
                        0.0072379945256877439,
                        0.996744457768517
                    ]
                ],
                "center": [
                    -0.9077762010603377,
                    -0.226149282073324,
                    0.40167398033941428
                ]
            }
        },
        {
            "key": 8,
            "value": {
                "rotation": [
                    [
                        0.9785468685795312,
                        0.18866606050340713,
                        0.08277163528237514
                    ],
                    [
                        -0.18728224164003094,
                        0.982006860356085,
                        -0.02424640550410869
                    ],
                    [
                        -0.08585678749801246,
                        0.00822458678046082,
                        0.9962735408575357
                    ]
                ],
                "center": [
                    -1.2033585373710667,
                    -0.2859199646795218,
                    0.3784312247444781
                ]
            }
        },
        {
            "key": 9,
            "value": {
                "rotation": [
                    [
                        0.9776908837718176,
                        0.18920828062601523,
                        0.09121821272108646
                    ],
                    [
                        -0.1874615356734576,
                        0.9818888901669024,
                        -0.027429546291500886
                    ],
                    [
                        -0.0947560469438826,
                        0.009717711117114496,
                        0.9954530916412953
                    ]
                ],
                "center": [
                    -1.4949393342866196,
                    -0.3468548736105659,
                    0.3512790989103258
                ]
            }
        },
        {
            "key": 10,
            "value": {
                "rotation": [
                    [
                        0.07622255819218843,
                        0.0028727522939004069,
                        0.9970866907731225
                    ],
                    [
                        0.022286268769371354,
                        0.9997411207088532,
                        -0.004584079858130514
                    ],
                    [
                        -0.996841734603331,
                        0.022570752270676864,
                        0.07613880282062455
                    ]
                ],
                "center": [
                    1.2538130763098337,
                    0.21387411229576609,
                    0.5540279110398146
                ]
            }
        },
        {
            "key": 11,
            "value": {
                "rotation": [
                    [
                        0.2265667115647572,
                        0.03509590773811484,
                        0.9733631400822459
                    ],
                    [
                        0.01589850671565994,
                        0.9990842028621159,
                        -0.03972396097549674
                    ],
                    [
                        -0.973865885373825,
                        0.02447514762791847,
                        0.22580124989389975
                    ]
                ],
                "center": [
                    1.196536408439373,
                    0.2053942813126641,
                    0.20875459200234215
                ]
            }
        },
        {
            "key": 12,
            "value": {
                "rotation": [
                    [
                        0.37651069919039739,
                        0.06573756455427295,
                        0.9240769805604027
                    ],
                    [
                        0.006169756708327704,
                        0.9972791602476424,
                        -0.0734589044154428
                    ],
                    [
                        -0.9263917246485517,
                        0.03335939361304269,
                        0.37508068913295436
                    ]
                ],
                "center": [
                    1.080509566313597,
                    0.18203495887578645,
                    -0.1343965875656234
                ]
            }
        },
        {
            "key": 13,
            "value": {
                "rotation": [
                    [
                        0.5173490027354285,
                        0.09558866179762077,
                        0.8504192008088705
                    ],
                    [
                        -0.00933768628755003,
                        0.9943135295762735,
                        -0.1060821027146824
                    ],
                    [
                        -0.8557235634148759,
                        0.04694052233745598,
                        0.515299689869142
                    ]
                ],
                "center": [
                    0.9114219362741256,
                    0.14679732238627148,
                    -0.4570555651237477
                ]
            }
        },
        {
            "key": 14,
            "value": {
                "rotation": [
                    [
                        0.6471703169806701,
                        0.12204643954968309,
                        0.7525126227595019
                    ],
                    [
                        -0.029205300684774915,
                        0.9903464456849818,
                        -0.13550264916611533
                    ],
                    [
                        -0.7617858171632305,
                        0.06571593499577554,
                        0.6444872261391843
                    ]
                ],
                "center": [
                    0.6866185016123397,
                    0.09965894071621774,
                    -0.7539514505523489
                ]
            }
        },
        {
            "key": 15,
            "value": {
                "rotation": [
                    [
                        0.758558404763916,
                        0.1455519244180875,
                        0.6351407590921987
                    ],
                    [
                        -0.053271343201340439,
                        0.9853224396650601,
                        -0.16217846307700418
                    ],
                    [
                        -0.649423829679469,
                        0.08918703487999558,
                        0.7551783645297093
                    ]
                ],
                "center": [
                    0.4183853472484221,
                    0.04092666800737997,
                    -1.0105497869519065
                ]
            }
        },
        {
            "key": 16,
            "value": {
                "rotation": [
                    [
                        0.851255732210563,
                        0.16446015088567796,
                        0.498313693519773
                    ],
                    [
                        -0.08221936399506237,
                        0.9796916225551099,
                        -0.18287783047593166
                    ],
                    [
                        -0.5182698665395333,
                        0.11470476653564225,
                        0.847489918507057
                    ]
                ],
                "center": [
                    0.10278350509899803,
                    -0.021740562375807586,
                    -1.2185308212165996
                ]
            }
        },
        {
            "key": 17,
            "value": {
                "rotation": [
                    [
                        0.9211284674837148,
                        0.17903081179764616,
                        0.34564478126854278
                    ],
                    [
                        -0.11257028670953026,
                        0.9725318387328923,
                        -0.20373942475857158
                    ],
                    [
                        -0.3726261892852368,
                        0.1487608519668239,
                        0.9159803120050494
                    ]
                ],
                "center": [
                    -0.24458949665212038,
                    -0.10914481599548876,
                    -1.380422252142681
                ]
            }
        },
        {
            "key": 18,
            "value": {
                "rotation": [
                    [
                        0.9653343037046194,
                        0.18752007912785449,
                        0.18156514537487909
                    ],
                    [
                        -0.14555394548093834,
                        0.9641455207154361,
                        -0.22189516407369642
                    ],
                    [
                        -0.21666502035642447,
                        0.18777549043537024,
                        0.9580170322837202
                    ]
                ],
                "center": [
                    -0.6174058226126915,
                    -0.21150209804539395,
                    -1.4854595940651732
                ]
            }
        },
        {
            "key": 19,
            "value": {
                "rotation": [
                    [
                        0.9820093396461556,
                        0.18785197841092039,
                        0.019216947073475655
                    ],
                    [
                        -0.1788507543781097,
                        0.9579207779084313,
                        -0.22449986839570067
                    ],
                    [
                        -0.06058105732077253,
                        0.21702400203297549,
                        0.9742846185974037
                    ]
                ],
                "center": [
                    -0.989689081713411,
                    -0.2802525730296209,
                    -1.5069876711486499
                ]
            }
        },
        {
            "key": 20,
            "value": {
                "rotation": [
                    [
                        0.9729737090598202,
                        0.18298193913707634,
                        -0.14085372351489959
                    ],
                    [
                        -0.21076614376708947,
                        0.9529255679571015,
                        -0.21796902205402084
                    ],
                    [
                        0.09433872015205133,
                        0.24176532398851356,
                        0.9657379220041026
                    ]
                ],
                "center": [
                    -1.3535170089109443,
                    -0.3351048700821966,
                    -1.4665945091961164
                ]
            }
        },
        {
            "key": 21,
            "value": {
                "rotation": [
                    [
                        0.9379836243424207,
                        0.1769771587456302,
                        -0.29810368288194735
                    ],
                    [
                        -0.24451529111414034,
                        0.9472970453401195,
                        -0.20697966156423887
                    ],
                    [
                        0.2457620655773055,
                        0.26703444192126915,
                        0.9318227374082329
                    ]
                ],
                "center": [
                    -1.702150131739724,
                    -0.3901666357299107,
                    -1.3636160202437209
                ]
            }
        },
        {
            "key": 22,
            "value": {
                "rotation": [
                    [
                        0.8784265261552976,
                        0.16416654317569258,
                        -0.4487941446236568
                    ],
                    [
                        -0.27496310704877849,
                        0.9417401629733979,
                        -0.1937027496059877
                    ],
                    [
                        0.3908479600929475,
                        0.2935554658741367,
                        0.8723892826866916
                    ]
                ],
                "center": [
                    -2.0347088400483015,
                    -0.44932687367760207,
                    -1.2041946546892926
                ]
            }
        },
        {
            "key": 23,
            "value": {
                "rotation": [
                    [
